Name: MP
Advanced:
  UCorrections:
    O:
      V: -1.634860584846134
      Cr: -1.9913050500935563
      Mn: -1.6033369917686984
      Fe: -2.2447923523460367
      Co: -1.6561679549710198
      Ni: -2.734214855274872
      Cu: 0.07951525807233169
      Mo: -3.0566643733376075
    F:
      V: -1.635
      Cr: -1.991
      Mn: -1.603
      Fe: -2.245
      Co: -1.656
      Ni: -2.734
      Cu: 0.08
      Mo: -3.057
AnionCorrections:
  F2: -1.4305099049999999
  Cl2: -1.255486175
  N2: -7.986917910000001
  H2: -3.23973666138
  oxide: -0.731
  peroxide: -0.476
  superoxide: -0.162
  ozonide: 0
  sulfide: -0.631
  Br: -0.538
  I: -0.384
  Se: -0.473
  Si: 0.243
  Sb: -0.188
  Te: -0.417
AqueousCompoundEnergies:
  O2: -0.316731
  N2: -0.295729
  F2: -0.313025
  Cl2: -0.344373
  Br: -0.235039
  Hg: -0.234421
  H2: -3.6018845
  H2O: -4.972
