Name: MP
Advanced:
  UCorrections:
    O:
      V: 0.005982262163453157
      Cr: 0.009263621834033986
      Mn: 0.0050475649064426606
      Fe: 0.008018952265981852
      Co: 0.005938541091891273
      Ni: 0.011014987403610866
      Cu: 0.008861589500571072
      Mo: 0.008494829566988648
    F:
      V: 0.006
      Cr: 0.0093
      Mn: 0.005
      Fe: 0.008
      Co: 0.0059
      Ni: 0.011
      Cu: 0.0089
      Mo: 0.0085
AnionCorrections:
  F: 0.0025
  Cl: 0.0016
  N: 0.0084
  H: 0
  oxide: 0.0017
  peroxide: 0.0187
  superoxide: 0.0075
  ozonide: 0
SulfideCorrections:
  sulfide: 0.012165375087004127
