Name: MP
Advanced:
  UCorrections:
    O:
      V: -1.635
      Cr: -1.991
      Mn: -1.603
      Fe: -2.245
      Co: -1.656
      Ni: -2.734
      Cu: 0.08
      Mo: -3.057
    F:
      V: -1.635
      Cr: -1.991
      Mn: -1.603
      Fe: -2.245
      Co: -1.656
      Ni: -2.734
      Cu: 0.08
      Mo: -3.057
GasCorrections:
AnionCorrections:
  F: -0.457
  Cl: -0.582
  N: -0.340
  H: 1.027
  oxide: -0.731
  peroxide: -0.476
  superoxide: -0.162
  ozonide: 0
  sulfide: -0.631
  Br: -0.538
  I: -0.384
  Se: -0.473
  Si: 0.243
  Sb: -0.188
  Te: -0.417
AqueousCompoundEnergies:
  O2: -0.316731
  N2: -0.295729
  F2: -0.313025
  Cl2: -0.344373
  Br: -0.235039
  Hg: -0.234421
  H2: -3.6018845
  H2O: -4.972
