Name: MP
Advanced:
  UCorrections:
    O:
      V: -1.612
      Cr: -1.993
      Mn: -1.61
      Fe: -2.252
      Co: -1.664
      Ni: -2.732
      W: -4.571
      Mo: -3.075
    F:
      V: -1.612
      Cr: -1.993
      Mn: -1.61
      Fe: -2.252
      Co: -1.664
      Ni: -2.732
      W: -4.571
      Mo: -3.075
CompositionCorrections:
  oxide: -0.719
  peroxide: -0.47
  superoxide: -0.156
  ozonide: 0
  sulfide: -0.631
  Br: -0.538
  I: -0.384
  Se: -0.47
  Si: 0.237
  Sb: -0.186
  Te: -0.42
  F: -0.457
  Cl: -0.583
  N: -0.332
  H: 0.817
AqueousCompoundEnergies:
  O2: -0.316731
  N2: -0.295729
  F2: -0.313025
  Cl2: -0.344373
  Br: -0.235039
  Hg: -0.234421
  H2: -3.6018845
  H2O: -4.972
