Name: MP
Advanced:
  UCorrections:
    O:
      V: -1.701
      Cr: -1.977
      Mn: -1.606
      Fe: -2.24
      Co: -1.535
      Ni: -2.587
      W: -4.532
      Mo: -3.085
    F:
      V: -1.701
      Cr: -1.977
      Mn: -1.606
      Fe: -2.24
      Co: -1.535
      Ni: -2.587
      W: -4.532
      Mo: -3.085
CompositionCorrections:
  oxide: -0.716
  peroxide: -0.469
  superoxide: -0.156
  ozonide: 0
  sulfide: -0.633
  Br: -0.538
  I: -0.384
  Se: -0.47
  Si: -0.414
  Sb: -0.186
  Te: -0.422
  F: -0.46
  Cl: -0.583
  N: -0.332
  H: -0.184
AqueousCompoundEnergies:
  O2: -0.316731
  N2: -0.295729
  F2: -0.313025
  Cl2: -0.344373
  Br: -0.235039
  Hg: -0.234421
  H2: -3.6018845
  H2O: -4.972
