Name: MP
Advanced:
  UCorrections:
    O:
      V: -1.602
      Cr: -1.962
      Mn: -1.594
      Fe: -2.231
      Co: -1.522
      Ni: -2.585
      W: -4.507
      Mo: -3.072
    F:
      V: -1.602
      Cr: -1.962
      Mn: -1.594
      Fe: -2.231
      Co: -1.522
      Ni: -2.585
      W: -4.507
      Mo: -3.072
CompositionCorrections:
  oxide: -0.721
  peroxide: -0.469
  superoxide: -0.156
  ozonide: 0
  sulfide: -0.633
  Br: -0.538
  I: -0.384
  Se: -0.47
  Si: -0.414
  Sb: -0.186
  Te: -0.422
  F: -0.46
  Cl: -0.583
  N: -0.332
  H: -0.184
AqueousCompoundEnergies:
  O2: -0.316732
  N2: -0.29573
  F2: -0.313026
  Cl2: -0.344375
  Br: -0.23504
  Hg: -0.234422
  H2: -4.025239
  H2O: -0.819433
